$ANSIBLE_VAULT;1.1;AES256
63373463303335613435373834323566346132613539333538323730366165333066376363306139
3561376536306231353735626638653137383066333736620a643965396534393231636466633261
38323636636138383233383532353133666436663330373931373934333936636664366331623063
3565366564346433650a383432343138663966316438363536383631323562633261306665626362
39663232663464653062323736396364353865346333396464616633323065613437333831383537
65643064306135636533363239646237656134633033333136666162346331306332633135323230
38336438393134333435376632623832326361313430303062623337633038306430383336653565
31666136356538383437666136396339343961653363323033633131636335336166643730353832
32383963383964633033333339323539303365313035313838643662336162626363636630333761
33626164336230346231633732626161323238393031663831643762636339343064363339623861
623530333336386265326365613163386531
